0.000000000000000000e+00 2.228087334524966184e-08
1.000000000000000000e+00 5.956463028075584549e-08
2.000000000000000000e+00 1.540168398705277291e-07
3.000000000000000000e+00 3.851868776099938712e-07
4.000000000000000000e+00 9.317475847996301640e-07
5.000000000000000000e+00 2.179960303566103016e-06
6.000000000000000000e+00 4.933128317271135623e-06
7.000000000000000000e+00 1.079741406745710180e-05
8.000000000000000000e+00 2.285812576018065096e-05
9.000000000000000000e+00 4.680421832112830746e-05
1.000000000000000000e+01 9.269427082481593284e-05
1.100000000000000000e+01 1.775596603806065747e-04
1.200000000000000000e+01 3.289722280329044290e-04
1.300000000000000000e+01 5.895188332250061655e-04
1.400000000000000000e+01 1.021785296776908268e-03
1.500000000000000000e+01 1.712951755069741641e-03
1.600000000000000000e+01 2.777500404815300659e-03
1.700000000000000000e+01 4.355987730075710357e-03
1.800000000000000000e+01 6.607583832858215760e-03
1.900000000000000000e+01 9.694428977294495056e-03
2.000000000000000000e+01 1.375704956382073525e-02
2.100000000000000000e+01 1.888216932766335898e-02
2.200000000000000000e+01 2.506697864814182164e-02
2.300000000000000000e+01 3.218663770378301509e-02
2.400000000000000000e+01 3.997355278034665782e-02
2.500000000000000000e+01 4.801682106053520999e-02
2.600000000000000000e+01 5.578758693508639732e-02
2.700000000000000000e+01 6.269100992275207507e-02
2.800000000000000000e+01 6.813911255361478070e-02
2.900000000000000000e+01 7.163267956032791373e-02
3.000000000000000000e+01 7.283656203947194707e-02
3.100000000000000000e+01 7.163267956032791373e-02
3.200000000000000000e+01 6.813911255361478070e-02
3.300000000000000000e+01 6.269100992275207507e-02
3.400000000000000000e+01 5.578758693508639732e-02
3.500000000000000000e+01 4.801682106053520999e-02
3.600000000000000000e+01 3.997355278034665782e-02
3.700000000000000000e+01 3.218663770378301509e-02
3.800000000000000000e+01 2.506697864814182164e-02
3.900000000000000000e+01 1.888216932766335898e-02
4.000000000000000000e+01 1.375704956382073525e-02
4.100000000000000000e+01 9.694428977294495056e-03
4.200000000000000000e+01 6.607583832858215760e-03
4.300000000000000000e+01 4.355987730075710357e-03
4.400000000000000000e+01 2.777500404815300659e-03
4.500000000000000000e+01 1.712951755069741641e-03
4.600000000000000000e+01 1.021785296776908268e-03
4.700000000000000000e+01 5.895188332250061655e-04
4.800000000000000000e+01 3.289722280329044290e-04
4.900000000000000000e+01 1.775596603806065747e-04
5.000000000000000000e+01 9.269427082481593284e-05
5.100000000000000000e+01 4.680421832112830746e-05
5.200000000000000000e+01 2.285812576018065096e-05
5.300000000000000000e+01 1.079741406745710180e-05
5.400000000000000000e+01 4.933128317271135623e-06
5.500000000000000000e+01 2.179960303566103016e-06
5.600000000000000000e+01 9.317475847996301640e-07
5.700000000000000000e+01 3.851868776099938712e-07
5.800000000000000000e+01 1.540168398705277291e-07
5.900000000000000000e+01 5.956463028075584549e-08
