0.000000000000000000e+00 9.357622968840174817e-14
1.000000000000000000e+00 2.807286890652048936e-12
2.000000000000000000e+00 4.210930335978074899e-11
3.000000000000000000e+00 4.210930335978080068e-10
4.000000000000000000e+00 3.158197751983555347e-09
5.000000000000000000e+00 1.894918651190138998e-08
6.000000000000000000e+00 9.474593255950688374e-08
7.000000000000000000e+00 4.060539966836010665e-07
8.000000000000000000e+00 1.522702487563498904e-06
9.000000000000000000e+00 5.075674958544995781e-06
1.000000000000000000e+01 1.522702487563506019e-05
1.100000000000000000e+01 4.152824966082291206e-05
1.200000000000000000e+01 1.038206241520566364e-04
1.300000000000000000e+01 2.395860557355168076e-04
1.400000000000000000e+01 5.133986908618209640e-04
1.500000000000000000e+01 1.026797381723640193e-03
1.600000000000000000e+01 1.925245090731822354e-03
1.700000000000000000e+01 3.397491336585579599e-03
1.800000000000000000e+01 5.662485560975955012e-03
1.900000000000000000e+01 8.940766675225197968e-03
2.000000000000000000e+01 1.341115001283783685e-02
2.100000000000000000e+01 1.915878573262539547e-02
2.200000000000000000e+01 2.612561690812568657e-02
2.300000000000000000e+01 3.407689161929396832e-02
2.400000000000000000e+01 4.259611452411772581e-02
2.500000000000000000e+01 5.111533742894110166e-02
2.600000000000000000e+01 5.897923549493251649e-02
2.700000000000000000e+01 6.553248388325896845e-02
2.800000000000000000e+01 7.021337558920529021e-02
2.900000000000000000e+01 7.263452647159181208e-02
3.000000000000000000e+01 7.263452647159181208e-02
3.100000000000000000e+01 7.029147723057269093e-02
3.200000000000000000e+01 6.589825990366238173e-02
3.300000000000000000e+01 5.990750900332832141e-02
3.400000000000000000e+01 5.285956676764401452e-02
3.500000000000000000e+01 4.530820008655222358e-02
3.600000000000000000e+01 3.775683340545923916e-02
3.700000000000000000e+01 3.061364870712958083e-02
3.800000000000000000e+01 2.416867003194455091e-02
3.900000000000000000e+01 1.859128463995704528e-02
4.000000000000000000e+01 1.394346347996769896e-02
4.100000000000000000e+01 1.020253425363498723e-02
4.200000000000000000e+01 7.287524466882191847e-03
4.300000000000000000e+01 5.084319395499181486e-03
4.400000000000000000e+01 3.466581406022231724e-03
4.500000000000000000e+01 2.311054270681366096e-03
4.600000000000000000e+01 1.507209306966162581e-03
4.700000000000000000e+01 9.620484938081733496e-04
4.800000000000000000e+01 6.012803086301152147e-04
4.900000000000000000e+01 3.681308012021212365e-04
5.000000000000000000e+01 2.208784807212684647e-04
5.100000000000000000e+01 1.299285180713327886e-04
5.200000000000000000e+01 7.495876042576831604e-05
5.300000000000000000e+01 4.242948703345285680e-05
5.400000000000000000e+01 2.357193724080765352e-05
5.500000000000000000e+01 1.285742031316750608e-05
5.600000000000000000e+01 6.887903739197087474e-06
5.700000000000000000e+01 3.625212494314293523e-06
5.800000000000000000e+01 1.875109910852167242e-06
5.900000000000000000e+01 9.534457173824945413e-07
